29
353
473
498
688
932
954
1054
1907
2619
2745
2796
3166
3375
4279
4384
5299
5406
5502
5743
5825
5954
6070
6215
6540
6591
6679
7797
7909
8129
8803
9352
9422
9612
9655
10069
10098
10124
10364
10381
10567
10768
11191
11217
11878
11983
12012
12728
13313
13970
14122
14250
14384
14885
15053
15301
15438
15658
16703
17806
18048
18086
18307
18796
19324
20250
20881
20905
21053
21066
21419
21496
21592
21703
21768
22260
22622
23653
23675
23684
23902
23908
25002
25071
25576
25933
27008
27151
27419
27759
28563
28985
29098
29529
29536
29855
30128
30531
31242
32592
